3367
5448
10555
10559
12399
16580
25283
30618
33468
44709
64945
67548
93309
94682
109536
120767
126748
130849
145964
172241
172790
176409
186194
206878
207841
210200
221410
241455
253057
253396
263112
303126
303240
318199
347162
353389
355755
358558
371433
375365
382509
383264
410635
423590
434296
435225
439937
444766
460900
499791
525277
539157
547385
558526
559418
567318
580487
586316
604388
647590
742041
787475
808802
815384
835848
836914
845303
849274
873837
884190
912408
928553
953684
981737
1009715
1016257
1039245
1046398
1071914
1077917
1089319
1091757
1092041
1170794
1195158
1207051
1221468
1309301
1343580
1386371
1386951
1403226
1410679
1447757
1451119
1465698
1539704
1571686
1643371
1672918
1719224
1736900
1788614
1822118
1843713
1850093
1862946
1870250
1876397
1929680
1981951
2031175
2064086
2065773
2140107
2152630
2235521
2273112
2275858
2286988
2314622
2325498
2332243
2421666
2433930
2478485
2539821
2542827
2554424
2564533
2574538
2612904
2688334
2692899
2705513
2720746
2736487
2788327
2858309
2860605
2877277
2904290
2932319
2939470
3020017
3076993
3329646
3340859
3473891
3608726
3610500
3616486
3645659
3684484
3717244
3720437
3735442
3772910
3829418
3862293
3912287
3919135
3949022
4022919
4028608
4041801
4054313
4079304
4079581
4083686
4098579
4130328
4180088
4206846
4284240
4292741
4303853
4327423
4336646
4338911
4358819
4412990
4431536
4439198
4455231
4460818
4493109
4522032
4567524
4792949
4815551
4889198
4898890
4930306
4941242
4968215
4968835
4996033
5124371
5197622
5243425
5305103
5372254
5403047
5415725
5436832
5481001
5533387
5549187
5579762
5602984
5608405
5650094
5660701
5738628
5757642
5757644
5907161
5955270
6017254
6125584
6156813
6201026
6224237
6482202
6615206
6700576
6725462
6768692
6773064
6922589
7032035
7072751
7121959
7327577
7510247
7961797
8175570
8208266
8290758
8311886
8314234
8348231
8396856
8834947
8935667
10126863
11439437
11466756
11492832
11509666
11646507
11683138
11847992
11847996
11950504
12076772
12107129
12238218
12372493
12510832
12556173
12587933
12612285
12724216
12772214
12772581
12801714
12875464
12897612